0.0027953216374269063 9.623506263980828e-22
0.005549707602339186 6.812920690579539e-22
0.00935672514619883 4.82317848223927e-22
0.013877192982456144 3.6869450645195434e-22
0.020134502923976606 2.511886431509572e-22
0.026046783625730995 1.7782794100389228e-22
0.03300584795321637 1.2115276586285851e-22
0.041684210526315796 6.556418494179785e-23
0.050754385964912274 4.641588833612792e-23
0.06090643274853802 3.9810717055349854e-23
0.07175438596491228 3.285993247600674e-23
0.08395906432748537 1.995262314968899e-23
0.0969298245614035 1.847849797422302e-23
0.11131578947368422 1.847849797422302e-23
0.12636257309941523 1.4125375446227612e-23