0.0024675324675324725 429.5095617477961
0.005064935064935067 349.1215834344755
0.007532467532467533 283.77920045320326
0.01103896103896104 232.2652798109593
0.016103896103896103 163.3017578488354
0.02103896103896104 125.60176771417366
0.027012987012987013 85.90191234955924
0.03298701298701298 58.75027620712898
0.04103896103896104 46.77503929787386
0.050129870129870135 40.45916024857018
0.05753246753246753 22.647886422242227
0.06753246753246753 19.321046216206103
0.07805194805194804 17.66169224546996
0.08961038961038961 15.92334277134786
0.10103896103896104 14.061658977333723
