-0.015172413793103426 5.011872336272715e-22
-0.011034482758620671 3.868120546330509e-22
-0.005517241379310325 2.9006811986931444e-22
0.0013793103448275987 2.238721138568347e-22
0.011724137931034495 1.678804018122566e-22
0.021379310344827596 1.2956866975170216e-22
0.033793103448275866 8.912509381337513e-23
0.04689655172413794 5.956621435290134e-23
0.06068965517241379 4.7315125896148514e-23
0.09448275862068964 2.304092976055868e-23
0.11448275862068966 1.995262314968899e-23
0.13448275862068962 1.830206106311068e-23
0.1572413793103448 1.584893192461124e-23
0.17931034482758615 1.412537544622773e-23
0.07862068965517241 4.097321098135455e-23
