0.0000 0.0025 2069050.634 3828.485 0.185 53689.117 2.595 53825.446 2.602
0.0025 0.0050 8299.600 244.317 2.944 219.998 2.651 328.771 3.961
0.0050 0.0075 5170.900 192.708 3.727 137.906 2.667 236.969 4.583
0.0075 0.0100 3837.658 166.384 4.336 104.313 2.718 196.379 5.117
0.0100 0.0150 2799.597 100.695 3.597 75.476 2.696 125.841 4.495
0.0150 0.0200 2044.561 86.092 4.211 55.046 2.692 102.185 4.998
0.0200 0.0250 1463.394 73.078 4.994 39.521 2.701 83.080 5.677
0.0250 0.0300 1134.254 64.421 5.680 31.196 2.750 71.577 6.311
0.0300 0.0350 789.365 53.710 6.804 22.106 2.800 58.081 7.358
0.0350 0.0400 660.948 49.402 7.474 18.443 2.790 52.732 7.978
0.0400 0.0450 514.906 43.832 8.513 15.346 2.980 46.440 9.019
0.0450 0.0500 491.541 42.946 8.737 13.618 2.770 45.053 9.166
0.0500 0.0550 378.509 37.851 10.000 10.880 2.875 39.384 10.405
0.0550 0.0600 393.893 38.624 9.806 11.484 2.916 40.296 10.230
0.0600 0.0700 317.420 24.637 7.762 8.860 2.791 26.181 8.248
0.0700 0.0800 289.509 23.638 8.165 8.024 2.772 24.963 8.623
0.0800 0.0900 306.383 24.530 8.006 8.860 2.892 26.081 8.513
0.0900 0.1000 253.683 22.250 8.771 7.710 3.039 23.547 9.282
0.1000 0.1100 256.723 22.603 8.805 8.440 3.2886 24.128 9.398
0.1100 0.1200 212.069 20.696 9.759 6.613 3.118 21.727 10.245
0.1200 0.1300 201.800 20.180 10.000 6.466 3.204 21.191 10.501
0.1300 0.1400 205.943 20.292 9.853 6.225 3.023 21.226 10.307
0.1400 0.1500 178.935 19.075 10.660 5.725 3.200 19.915 11.130