0.0000 0.0025 2052289.364 7126.864 0.347 53265.051 2.595 53739.724 2.619
0.0025 0.0050 6793.436 412.672 6.075 180.526 2.657 450.430 6.630
0.0050 0.0075 4828.061 349.346 7.236 132.106 2.736 373.489 7.736
0.0075 0.0100 3857.142 312.856 8.111 105.574 2.737 330.188 8.560
0.0100 0.0150 2674.627 184.129 6.884 74.013 2.767 198.447 7.420
0.0150 0.0200 2142.355 165.286 7.715 59.941 2.798 175.820 8.207
0.0200 0.0250 1732.284 149.091 8.607 49.076 2.833 156.961 9.061
0.0250 0.0300 1206.000 124.389 10.314 33.697 2.794 128.873 10.686
0.0300 0.0350 888.948 107.017 12.039 25.047 2.818 109.909 12.364
0.0350 0.0400 803.549 102.051 12.700 23.286 2.898 104.674 13.026
0.0400 0.0450 655.121 92.648 14.142 18.295 2.793 94.437 14.415
0.0450 0.0500 328.323 65.665 20.000 9.419 2.869 66.337 20.205
0.0500 0.0550 493.315 81.101 16.440 15.138 3.069 82.501 16.724
0.0550 0.0600 603.047 89.897 14.907 18.037 2.991 91.689 15.204
0.0600 0.0700 403.360 52.513 13.019 11.561 2.866 53.771 13.331
0.0700 0.0800 394.693 52.278 13.245 12.9776 3.288 53.865 13.647
0.0800 0.0900 377.595 51.867 13.736 12.053 3.192 53.249 14.102
0.0900 0.1000 344.685 49.751 14.434 10.870 3.154 50.925 14.774
0.1000 0.1100 268.391 44.123 16.440 8.946 3.333 45.021 16.774
0.1100 0.1200 315.072 48.048 15.250 10.701 3.396 49.225 15.624
0.1200 0.1300 177.247 36.180 20.412 5.573 3.144 36.607 20.653
0.1300 0.1400 199.990 39.221 19.612 6.306 3.153 39.725 19.864
0.1400 0.1500 258.929 45.074 17.408 8.222 3.175 45.817 17.695