0.5131614276696902 36.22725130501409
0.5478813837766278 36.08504162968012
0.5869910133103754 35.580132048448505
0.6288924207134922 35.051738300648
0.6737848925495388 34.47637621970965
0.7218819411322149 33.9010141387713
0.7734123200076068 33.2904258079796
0.8286211119249935 32.64461122733452
0.8877708944707002 31.998796646689442
0.9511429889088433 31.306013732906536
1.0190387981685576 30.60148873583917
1.0917812403412892 29.861737488918436
1.16971628450598 29.133728325282163
1.2532145961866552 28.628818744050562
1.3426733002683544 27.53680499859614
1.4385178697559695 26.714859168684214
1.5412041493590904 25.892913338772303
1.6512205235271957 24.94180459273136
1.769090239246535 24.237279595664006
1.8953738946461298 23.33313918276089
2.030672105248898 22.511193352848977
2.1756283605488216 21.47789002381684
2.330932084500263 20.84381752645622
2.4973219144753913 19.96316128012201
2.6755892142846904 19.129473366925637
2.866581837968775 18.25860218999516
3.071208162262421 17.32588937443319
3.2904414069095442 16.781056710034434
3.525324263376888 16.111757962820448
3.776973853980998 15.806463797424598
4.046587045014464 14.914065467805926
4.335446139141124 14.279992970445306
4.644924974133729 13.751599222644785
4.976495456960145 13.176237141706437
5.331734564294808 12.788748393319395
5.712331842750361 12.48345422792353
6.120097444501268 12.107707562820949
6.556970736517456 11.755445064287272
7.025029524354231 11.485377148744774
7.526499934367554 11.30924589947793
8.063767001355362 11.097888400357718
8.639386011980559 10.99220965079762
9.256094657926004 10.87478881795306
9.916826056582867 10.816078401530774
10.624722701199824 10.745625901824042
11.383151406841217 10.686915485401784
12.195719323238285 10.628205068979497
13.066291090692017 10.581236735841657
13.999007220622458 10.581236735841657
14.998303788183915 10.581236735841657
16.068933530605726 10.534268402703844
17.215988451604144 10.34639507015254
18.044670063695378 10.581236735841657