0.5210848285362448 29.849995405633976
0.5582816291634726 29.4977329071003
0.5981336634515775 29.18069665841999
0.6408304709758713 28.84017624317076
0.6865751212887597 28.511397911206004
0.73558517973535 28.147393329387853
0.7880937422122485 27.77164666428527
0.8443505437909493 27.372415832613754
0.904623146478515 26.97318500094225
0.9712253862493551 26.554384030463325
1.0215970380756882 26.042037796484905
1.0933616645281663 25.832396447998576
1.1687390837525573 25.400528646377452
1.233299474813401 24.61694028852807
1.296360149470284 25.27997659132369
1.5143903350774723 24.272505845517372
1.577860706561608 23.153093905732575
1.6555387666515502 22.507279325087495
1.744618646446695 23.138742470607113
1.8615229059685714 22.81942303906594
1.9959680079470192 22.238189916485368
2.1418006718421077 20.978851484227462
2.360337729909876 20.720525651969425
2.509089924583928 19.127516353044896
2.5447277243633915 19.75180378100181
2.6829367062097944 18.67813704067936
2.795601645048938 19.299733574550245
2.8735011132088317 17.893844910530575
3.013994532343289 18.27934653713102
3.078621358813356 17.128803022689482
3.251995350168699 16.81334743906669
3.404334048529918 16.282856890679653
3.620501183313159 16.345131868099003
3.8280482413694794 17.020930697131178
3.954642694328046 15.532481854120618
4.180658195162071 14.740282635195982
4.411595049866012 14.326961303583133
4.685866093262348 13.396988307454208
4.883788172293702 12.777006310034935
5.350866304978691 13.699598568099333
5.763713405182612 12.850813690680084
6.081855152966851 12.518680477776897
6.192451057675589 11.711412251970557
6.568724315934677 12.278806490680154
6.808270960996699 12.777006310034935
7.0294343656562415 11.769535564228619
7.611901120171043 11.330381649389949
8.033496557457463 11.6403726480996
8.54513476261844 10.667345346594345
9.212682178192695 10.774981110035185
9.089358237606573 10.142082821003015
9.818891108121365 10.269093021863199
10.105073782278845 11.046223233906119
10.64249711749442 10.288467459282572
10.85254066932639 9.140573440556466
11.672169080129635 10.87478881795306
11.968524898408619 9.183928824991398
12.214845745914438 9.892367849820232
13.214845745914438 9.892367849820232
14.214845745914438 9.892367849820232
14.998303788183915 9.91193798862767
15.598303788183915 9.91193798862767
16.08671819202816 9.426368309276342
17.324241416013898 9.043023825577933
17.84241416013898 9.043023825577933
18.283767954802638 10.0000036132611
18.58777258073313 9.05115296015947
18.80160399232297 7.96927554301044
19.90663046518444 8.91288240250853
21.305363691185793 9.780426655841751
23.181886726230605 8.64379299390643
24.113134802171434 9.483351948745025
26.52080619096609 8.428521467024723
28.425827385252894 8.77295591003542
30.088114861870007 8.058254440788204
1.3822939062762216 23.912051195855
1.469140515558355 23.68376325106884
13.847799160994507 9.75819861911259
13.24753208392943 9.986486563898751
